ans =

   21    1

ans =

   21    8

X_poly =

 Columns 1 through 4:

  -1.6747e+01   2.8045e+02  -4.6965e+03   7.8650e+04
  -1.4577e+01   2.1250e+02  -3.0978e+03   4.5157e+04
   3.4516e+01   1.1913e+03   4.1120e+04   1.4193e+06
  -4.7010e+01   2.2099e+03  -1.0389e+05   4.8839e+06
   3.6975e+01   1.3672e+03   5.0551e+04   1.8691e+06
  -4.0686e+01   1.6554e+03  -6.7350e+04   2.7402e+06
  -4.4720e+00   1.9999e+01  -8.9435e+01   3.9996e+02
   2.6534e+01   7.0403e+02   1.8681e+04   4.9566e+05
  -4.2798e+01   1.8316e+03  -7.8390e+04   3.3549e+06
   2.5374e+01   6.4384e+02   1.6337e+04   4.1454e+05
  -3.1110e+01   9.6780e+02  -3.0108e+04   9.3665e+05
   2.7312e+01   7.4593e+02   2.0373e+04   5.5642e+05
  -3.2639e+00   1.0653e+01  -3.4769e+01   1.1348e+02
  -1.8183e+00   3.3061e+00  -6.0115e+00   1.0930e+01
  -4.0720e+01   1.6581e+03  -6.7517e+04   2.7493e+06
  -5.0013e+01   2.5013e+03  -1.2510e+05   6.2566e+06
  -1.7412e+01   3.0317e+02  -5.2787e+03   9.1912e+04
   3.5882e+00   1.2875e+01   4.6198e+01   1.6577e+02
   7.0855e+00   5.0204e+01   3.5572e+02   2.5204e+03
   4.6282e+01   2.1421e+03   9.9140e+04   4.5884e+06
   1.4612e+01   2.1352e+02   3.1200e+03   4.5590e+04

 Columns 5 through 8:

  -1.3171e+06   2.2057e+07  -3.6938e+08   6.1859e+09
  -6.5828e+05   9.5961e+06  -1.3989e+08   2.0392e+09
   4.8988e+07   1.6908e+09   5.8361e+10   2.0144e+12
  -2.2959e+08   1.0793e+10  -5.0738e+11   2.3852e+13
   6.9111e+07   2.5554e+09   9.4486e+10   3.4936e+12
  -1.1149e+08   4.5360e+09  -1.8455e+11   7.5088e+12
  -1.7886e+03   7.9987e+03  -3.5770e+04   1.5996e+05
   1.3152e+07   3.4896e+08   9.2593e+09   2.4568e+11
  -1.4358e+08   6.1450e+09  -2.6299e+11   1.1255e+13
   1.0518e+07   2.6690e+08   6.7723e+09   1.7184e+11
  -2.9139e+07   9.0649e+08  -2.8200e+10   8.7730e+11
   1.5197e+07   4.1505e+08   1.1336e+10   3.0960e+11
  -3.7039e+02   1.2089e+03  -3.9457e+03   1.2878e+04
  -1.9875e+01   3.6138e+01  -6.5708e+01   1.1948e+02
  -1.1195e+08   4.5585e+09  -1.8562e+11   7.5585e+12
  -3.1291e+08   1.5650e+10  -7.8270e+11   3.9145e+13
  -1.6003e+06   2.7865e+07  -4.8518e+08   8.4478e+09
   5.9481e+02   2.1343e+03   7.6583e+03   2.7479e+04
   1.7859e+04   1.2654e+05   8.9657e+05   6.3526e+06
   2.1236e+08   9.8286e+09   4.5489e+11   2.1054e+13
   6.6618e+05   9.7344e+06   1.4224e+08   2.0785e+09

